{
  "nbformat": 4,
  "nbformat_minor": 0,
  "metadata": {
    "colab": {
      "provenance": [],
      "authorship_tag": "ABX9TyPj7Z77BLfNKSpoD1IzUvPN",
      "include_colab_link": true
    },
    "kernelspec": {
      "name": "python3",
      "display_name": "Python 3"
    },
    "language_info": {
      "name": "python"
    }
  },
  "cells": [
    {
      "cell_type": "markdown",
      "metadata": {
        "id": "view-in-github",
        "colab_type": "text"
      },
      "source": [
        "<a href=\"https://colab.research.google.com/github/nour-said/House_Price/blob/main/Copy_of_HousePrice.ipynb\" target=\"_parent\"><img src=\"https://colab.research.google.com/assets/colab-badge.svg\" alt=\"Open In Colab\"/></a>"
      ]
    },
    {
      "cell_type": "code",
      "execution_count": null,
      "metadata": {
        "colab": {
          "base_uri": "https://localhost:8080/"
        },
        "id": "ABHdc47-cEgp",
        "outputId": "5fb54aef-e6b7-4ab2-f4f5-c60584a6dd92"
      },
      "outputs": [
        {
          "output_type": "stream",
          "name": "stdout",
          "text": [
            "Mounted at /content/drive\n",
            "        Area  Garage  FirePlace  Baths  White Marble  Black Marble  \\\n",
            "0        164       2          0      2             0             1   \n",
            "1         84       2          0      4             0             0   \n",
            "2        190       2          4      4             1             0   \n",
            "3         75       2          4      4             0             0   \n",
            "4        148       1          4      2             1             0   \n",
            "...      ...     ...        ...    ...           ...           ...   \n",
            "499995   128       3          4      2             1             0   \n",
            "499996    30       2          4      5             0             0   \n",
            "499997   174       3          3      2             0             1   \n",
            "499998   121       1          4      5             0             1   \n",
            "499999    46       2          4      4             1             0   \n",
            "\n",
            "        Indian Marble  Floors  City  Solar  Electric  Fiber  Glass Doors  \\\n",
            "0                   0       0     3      1         1      1            1   \n",
            "1                   1       1     2      0         0      0            1   \n",
            "2                   0       0     2      0         0      1            0   \n",
            "3                   1       1     1      1         1      1            1   \n",
            "4                   0       1     2      1         0      0            1   \n",
            "...               ...     ...   ...    ...       ...    ...          ...   \n",
            "499995              0       1     2      0         1      0            1   \n",
            "499996              1       0     1      0         0      1            0   \n",
            "499997              0       1     1      1         1      1            0   \n",
            "499998              0       1     3      0         1      1            1   \n",
            "499999              0       0     1      1         1      0            0   \n",
            "\n",
            "        Swiming Pool  Garden  Prices  \n",
            "0                  0       0   43800  \n",
            "1                  1       1   37550  \n",
            "2                  0       0   49500  \n",
            "3                  1       1   50075  \n",
            "4                  1       1   52400  \n",
            "...              ...     ...     ...  \n",
            "499995             1       1   55900  \n",
            "499996             0       1   29250  \n",
            "499997             1       0   51350  \n",
            "499998             0       0   62725  \n",
            "499999             0       0   32150  \n",
            "\n",
            "[500000 rows x 16 columns]\n"
          ]
        }
      ],
      "source": [
        "from google.colab import drive\n",
        "drive.mount('/content/drive')\n",
        "import pandas as pd\n",
        "import matplotlib.pyplot as plt\n",
        "import numpy as np\n",
        "import seaborn as sns\n",
        "\n",
        "df = pd.read_csv('/content/drive/MyDrive/HousePrices_HalfMil.csv')\n",
        "print(df)"
      ]
    },
    {
      "cell_type": "code",
      "source": [
        "df.info()"
      ],
      "metadata": {
        "colab": {
          "base_uri": "https://localhost:8080/"
        },
        "id": "zVGZBkoUwi_T",
        "outputId": "a6d4204a-0ce1-4ac7-a73c-39c8e62f9721"
      },
      "execution_count": null,
      "outputs": [
        {
          "output_type": "stream",
          "name": "stdout",
          "text": [
            "<class 'pandas.core.frame.DataFrame'>\n",
            "RangeIndex: 500000 entries, 0 to 499999\n",
            "Data columns (total 16 columns):\n",
            " #   Column         Non-Null Count   Dtype\n",
            "---  ------         --------------   -----\n",
            " 0   Area           500000 non-null  int64\n",
            " 1   Garage         500000 non-null  int64\n",
            " 2   FirePlace      500000 non-null  int64\n",
            " 3   Baths          500000 non-null  int64\n",
            " 4   White Marble   500000 non-null  int64\n",
            " 5   Black Marble   500000 non-null  int64\n",
            " 6   Indian Marble  500000 non-null  int64\n",
            " 7   Floors         500000 non-null  int64\n",
            " 8   City           500000 non-null  int64\n",
            " 9   Solar          500000 non-null  int64\n",
            " 10  Electric       500000 non-null  int64\n",
            " 11  Fiber          500000 non-null  int64\n",
            " 12  Glass Doors    500000 non-null  int64\n",
            " 13  Swiming Pool   500000 non-null  int64\n",
            " 14  Garden         500000 non-null  int64\n",
            " 15  Prices         500000 non-null  int64\n",
            "dtypes: int64(16)\n",
            "memory usage: 61.0 MB\n"
          ]
        }
      ]
    },
    {
      "cell_type": "code",
      "source": [
        "df.isnull().sum()"
      ],
      "metadata": {
        "colab": {
          "base_uri": "https://localhost:8080/"
        },
        "id": "rtk1HxhClWcK",
        "outputId": "aafb13b9-bd9c-459d-92bb-ee7796e97573"
      },
      "execution_count": null,
      "outputs": [
        {
          "output_type": "execute_result",
          "data": {
            "text/plain": [
              "Area             0\n",
              "Garage           0\n",
              "FirePlace        0\n",
              "Baths            0\n",
              "White Marble     0\n",
              "Black Marble     0\n",
              "Indian Marble    0\n",
              "Floors           0\n",
              "City             0\n",
              "Solar            0\n",
              "Electric         0\n",
              "Fiber            0\n",
              "Glass Doors      0\n",
              "Swiming Pool     0\n",
              "Garden           0\n",
              "Prices           0\n",
              "dtype: int64"
            ]
          },
          "metadata": {},
          "execution_count": 3
        }
      ]
    },
    {
      "cell_type": "code",
      "source": [
        "df.shape"
      ],
      "metadata": {
        "colab": {
          "base_uri": "https://localhost:8080/"
        },
        "id": "ezsZI68WoNtn",
        "outputId": "f73ae256-360b-4d07-b654-accaa8c88f95"
      },
      "execution_count": null,
      "outputs": [
        {
          "output_type": "execute_result",
          "data": {
            "text/plain": [
              "(500000, 16)"
            ]
          },
          "metadata": {},
          "execution_count": 4
        }
      ]
    },
    {
      "cell_type": "code",
      "source": [
        "correlation = df.corr()\n",
        "correlation"
      ],
      "metadata": {
        "colab": {
          "base_uri": "https://localhost:8080/",
          "height": 675
        },
        "id": "_-x98oQtwn1_",
        "outputId": "656ada6b-629f-48d3-cff4-dcaf00db59f8"
      },
      "execution_count": null,
      "outputs": [
        {
          "output_type": "execute_result",
          "data": {
            "text/plain": [
              "                   Area    Garage  FirePlace     Baths  White Marble  \\\n",
              "Area           1.000000 -0.000897   0.000374 -0.000398      0.002525   \n",
              "Garage        -0.000897  1.000000   0.001307 -0.003647      0.000541   \n",
              "FirePlace      0.000374  0.001307   1.000000  0.000643      0.000952   \n",
              "Baths         -0.000398 -0.003647   0.000643  1.000000      0.002493   \n",
              "White Marble   0.002525  0.000541   0.000952  0.002493      1.000000   \n",
              "Black Marble  -0.001477  0.001847  -0.000922 -0.002739     -0.498893   \n",
              "Indian Marble -0.001047 -0.002385  -0.000030  0.000246     -0.500723   \n",
              "Floors        -0.000776 -0.000931   0.000185 -0.000880      0.000078   \n",
              "City          -0.003455  0.000793  -0.000211 -0.000858     -0.000861   \n",
              "Solar          0.000526  0.001480  -0.000309 -0.000755     -0.001583   \n",
              "Electric      -0.000128  0.000779   0.001342  0.001047      0.000558   \n",
              "Fiber          0.000114 -0.000562   0.001818 -0.000687     -0.000576   \n",
              "Glass Doors   -0.001230 -0.002171  -0.000366 -0.001668     -0.000402   \n",
              "Swiming Pool   0.000610  0.001088   0.001295  0.002212     -0.001898   \n",
              "Garden         0.001428 -0.000669   0.000231  0.001723      0.000959   \n",
              "Prices         0.147717  0.100294   0.089139  0.145087      0.448154   \n",
              "\n",
              "               Black Marble  Indian Marble    Floors      City     Solar  \\\n",
              "Area              -0.001477      -0.001047 -0.000776 -0.003455  0.000526   \n",
              "Garage             0.001847      -0.002385 -0.000931  0.000793  0.001480   \n",
              "FirePlace         -0.000922      -0.000030  0.000185 -0.000211 -0.000309   \n",
              "Baths             -0.002739       0.000246 -0.000880 -0.000858 -0.000755   \n",
              "White Marble      -0.498893      -0.500723  0.000078 -0.000861 -0.001583   \n",
              "Black Marble       1.000000      -0.500383 -0.000368 -0.000324  0.001764   \n",
              "Indian Marble     -0.500383       1.000000  0.000289  0.001184 -0.000180   \n",
              "Floors            -0.000368       0.000289  1.000000 -0.000641 -0.002651   \n",
              "City              -0.000324       0.001184 -0.000641  1.000000  0.000488   \n",
              "Solar              0.001764      -0.000180 -0.002651  0.000488  1.000000   \n",
              "Electric          -0.000549      -0.000010  0.000082  0.000788  0.001883   \n",
              "Fiber              0.000073       0.000503  0.001373 -0.002716  0.000238   \n",
              "Glass Doors        0.000086       0.000316 -0.000008  0.000770 -0.000817   \n",
              "Swiming Pool       0.000713       0.001184 -0.000211  0.000322 -0.000466   \n",
              "Garden             0.000133      -0.001091 -0.000492  0.001207 -0.004263   \n",
              "Prices            -0.078049      -0.369756  0.619451  0.233259  0.008429   \n",
              "\n",
              "               Electric     Fiber  Glass Doors  Swiming Pool    Garden  \\\n",
              "Area          -0.000128  0.000114    -0.001230      0.000610  0.001428   \n",
              "Garage         0.000779 -0.000562    -0.002171      0.001088 -0.000669   \n",
              "FirePlace      0.001342  0.001818    -0.000366      0.001295  0.000231   \n",
              "Baths          0.001047 -0.000687    -0.001668      0.002212  0.001723   \n",
              "White Marble   0.000558 -0.000576    -0.000402     -0.001898  0.000959   \n",
              "Black Marble  -0.000549  0.000073     0.000086      0.000713  0.000133   \n",
              "Indian Marble -0.000010  0.000503     0.000316      0.001184 -0.001091   \n",
              "Floors         0.000082  0.001373    -0.000008     -0.000211 -0.000492   \n",
              "City           0.000788 -0.002716     0.000770      0.000322  0.001207   \n",
              "Solar          0.001883  0.000238    -0.000817     -0.000466 -0.004263   \n",
              "Electric       1.000000 -0.000309     0.001088      0.000571  0.000772   \n",
              "Fiber         -0.000309  1.000000    -0.002268      0.004127 -0.000023   \n",
              "Glass Doors    0.001088 -0.002268     1.000000      0.000396  0.003329   \n",
              "Swiming Pool   0.000571  0.004127     0.000396      1.000000 -0.000191   \n",
              "Garden         0.000772 -0.000023     0.003329     -0.000191  1.000000   \n",
              "Prices         0.052443  0.484626     0.181973      0.001787  0.001540   \n",
              "\n",
              "                 Prices  \n",
              "Area           0.147717  \n",
              "Garage         0.100294  \n",
              "FirePlace      0.089139  \n",
              "Baths          0.145087  \n",
              "White Marble   0.448154  \n",
              "Black Marble  -0.078049  \n",
              "Indian Marble -0.369756  \n",
              "Floors         0.619451  \n",
              "City           0.233259  \n",
              "Solar          0.008429  \n",
              "Electric       0.052443  \n",
              "Fiber          0.484626  \n",
              "Glass Doors    0.181973  \n",
              "Swiming Pool   0.001787  \n",
              "Garden         0.001540  \n",
              "Prices         1.000000  "
            ],
            "text/html": [
              "\n",
              "  <div id=\"df-e1b26e97-c97c-4a18-99bd-c3445bb00e03\" class=\"colab-df-container\">\n",
              "    <div>\n",
              "<style scoped>\n",
              "    .dataframe tbody tr th:only-of-type {\n",
              "        vertical-align: middle;\n",
              "    }\n",
              "\n",
              "    .dataframe tbody tr th {\n",
              "        vertical-align: top;\n",
              "    }\n",
              "\n",
              "    .dataframe thead th {\n",
              "        text-align: right;\n",
              "    }\n",
              "</style>\n",
              "<table border=\"1\" class=\"dataframe\">\n",
              "  <thead>\n",
              "    <tr style=\"text-align: right;\">\n",
              "      <th></th>\n",
              "      <th>Area</th>\n",
              "      <th>Garage</th>\n",
              "      <th>FirePlace</th>\n",
              "      <th>Baths</th>\n",
              "      <th>White Marble</th>\n",
              "      <th>Black Marble</th>\n",
              "      <th>Indian Marble</th>\n",
              "      <th>Floors</th>\n",
              "      <th>City</th>\n",
              "      <th>Solar</th>\n",
              "      <th>Electric</th>\n",
              "      <th>Fiber</th>\n",
              "      <th>Glass Doors</th>\n",
              "      <th>Swiming Pool</th>\n",
              "      <th>Garden</th>\n",
              "      <th>Prices</th>\n",
              "    </tr>\n",
              "  </thead>\n",
              "  <tbody>\n",
              "    <tr>\n",
              "      <th>Area</th>\n",
              "      <td>1.000000</td>\n",
              "      <td>-0.000897</td>\n",
              "      <td>0.000374</td>\n",
              "      <td>-0.000398</td>\n",
              "      <td>0.002525</td>\n",
              "      <td>-0.001477</td>\n",
              "      <td>-0.001047</td>\n",
              "      <td>-0.000776</td>\n",
              "      <td>-0.003455</td>\n",
              "      <td>0.000526</td>\n",
              "      <td>-0.000128</td>\n",
              "      <td>0.000114</td>\n",
              "      <td>-0.001230</td>\n",
              "      <td>0.000610</td>\n",
              "      <td>0.001428</td>\n",
              "      <td>0.147717</td>\n",
              "    </tr>\n",
              "    <tr>\n",
              "      <th>Garage</th>\n",
              "      <td>-0.000897</td>\n",
              "      <td>1.000000</td>\n",
              "      <td>0.001307</td>\n",
              "      <td>-0.003647</td>\n",
              "      <td>0.000541</td>\n",
              "      <td>0.001847</td>\n",
              "      <td>-0.002385</td>\n",
              "      <td>-0.000931</td>\n",
              "      <td>0.000793</td>\n",
              "      <td>0.001480</td>\n",
              "      <td>0.000779</td>\n",
              "      <td>-0.000562</td>\n",
              "      <td>-0.002171</td>\n",
              "      <td>0.001088</td>\n",
              "      <td>-0.000669</td>\n",
              "      <td>0.100294</td>\n",
              "    </tr>\n",
              "    <tr>\n",
              "      <th>FirePlace</th>\n",
              "      <td>0.000374</td>\n",
              "      <td>0.001307</td>\n",
              "      <td>1.000000</td>\n",
              "      <td>0.000643</td>\n",
              "      <td>0.000952</td>\n",
              "      <td>-0.000922</td>\n",
              "      <td>-0.000030</td>\n",
              "      <td>0.000185</td>\n",
              "      <td>-0.000211</td>\n",
              "      <td>-0.000309</td>\n",
              "      <td>0.001342</td>\n",
              "      <td>0.001818</td>\n",
              "      <td>-0.000366</td>\n",
              "      <td>0.001295</td>\n",
              "      <td>0.000231</td>\n",
              "      <td>0.089139</td>\n",
              "    </tr>\n",
              "    <tr>\n",
              "      <th>Baths</th>\n",
              "      <td>-0.000398</td>\n",
              "      <td>-0.003647</td>\n",
              "      <td>0.000643</td>\n",
              "      <td>1.000000</td>\n",
              "      <td>0.002493</td>\n",
              "      <td>-0.002739</td>\n",
              "      <td>0.000246</td>\n",
              "      <td>-0.000880</td>\n",
              "      <td>-0.000858</td>\n",
              "      <td>-0.000755</td>\n",
              "      <td>0.001047</td>\n",
              "      <td>-0.000687</td>\n",
              "      <td>-0.001668</td>\n",
              "      <td>0.002212</td>\n",
              "      <td>0.001723</td>\n",
              "      <td>0.145087</td>\n",
              "    </tr>\n",
              "    <tr>\n",
              "      <th>White Marble</th>\n",
              "      <td>0.002525</td>\n",
              "      <td>0.000541</td>\n",
              "      <td>0.000952</td>\n",
              "      <td>0.002493</td>\n",
              "      <td>1.000000</td>\n",
              "      <td>-0.498893</td>\n",
              "      <td>-0.500723</td>\n",
              "      <td>0.000078</td>\n",
              "      <td>-0.000861</td>\n",
              "      <td>-0.001583</td>\n",
              "      <td>0.000558</td>\n",
              "      <td>-0.000576</td>\n",
              "      <td>-0.000402</td>\n",
              "      <td>-0.001898</td>\n",
              "      <td>0.000959</td>\n",
              "      <td>0.448154</td>\n",
              "    </tr>\n",
              "    <tr>\n",
              "      <th>Black Marble</th>\n",
              "      <td>-0.001477</td>\n",
              "      <td>0.001847</td>\n",
              "      <td>-0.000922</td>\n",
              "      <td>-0.002739</td>\n",
              "      <td>-0.498893</td>\n",
              "      <td>1.000000</td>\n",
              "      <td>-0.500383</td>\n",
              "      <td>-0.000368</td>\n",
              "      <td>-0.000324</td>\n",
              "      <td>0.001764</td>\n",
              "      <td>-0.000549</td>\n",
              "      <td>0.000073</td>\n",
              "      <td>0.000086</td>\n",
              "      <td>0.000713</td>\n",
              "      <td>0.000133</td>\n",
              "      <td>-0.078049</td>\n",
              "    </tr>\n",
              "    <tr>\n",
              "      <th>Indian Marble</th>\n",
              "      <td>-0.001047</td>\n",
              "      <td>-0.002385</td>\n",
              "      <td>-0.000030</td>\n",
              "      <td>0.000246</td>\n",
              "      <td>-0.500723</td>\n",
              "      <td>-0.500383</td>\n",
              "      <td>1.000000</td>\n",
              "      <td>0.000289</td>\n",
              "      <td>0.001184</td>\n",
              "      <td>-0.000180</td>\n",
              "      <td>-0.000010</td>\n",
              "      <td>0.000503</td>\n",
              "      <td>0.000316</td>\n",
              "      <td>0.001184</td>\n",
              "      <td>-0.001091</td>\n",
              "      <td>-0.369756</td>\n",
              "    </tr>\n",
              "    <tr>\n",
              "      <th>Floors</th>\n",
              "      <td>-0.000776</td>\n",
              "      <td>-0.000931</td>\n",
              "      <td>0.000185</td>\n",
              "      <td>-0.000880</td>\n",
              "      <td>0.000078</td>\n",
              "      <td>-0.000368</td>\n",
              "      <td>0.000289</td>\n",
              "      <td>1.000000</td>\n",
              "      <td>-0.000641</td>\n",
              "      <td>-0.002651</td>\n",
              "      <td>0.000082</td>\n",
              "      <td>0.001373</td>\n",
              "      <td>-0.000008</td>\n",
              "      <td>-0.000211</td>\n",
              "      <td>-0.000492</td>\n",
              "      <td>0.619451</td>\n",
              "    </tr>\n",
              "    <tr>\n",
              "      <th>City</th>\n",
              "      <td>-0.003455</td>\n",
              "      <td>0.000793</td>\n",
              "      <td>-0.000211</td>\n",
              "      <td>-0.000858</td>\n",
              "      <td>-0.000861</td>\n",
              "      <td>-0.000324</td>\n",
              "      <td>0.001184</td>\n",
              "      <td>-0.000641</td>\n",
              "      <td>1.000000</td>\n",
              "      <td>0.000488</td>\n",
              "      <td>0.000788</td>\n",
              "      <td>-0.002716</td>\n",
              "      <td>0.000770</td>\n",
              "      <td>0.000322</td>\n",
              "      <td>0.001207</td>\n",
              "      <td>0.233259</td>\n",
              "    </tr>\n",
              "    <tr>\n",
              "      <th>Solar</th>\n",
              "      <td>0.000526</td>\n",
              "      <td>0.001480</td>\n",
              "      <td>-0.000309</td>\n",
              "      <td>-0.000755</td>\n",
              "      <td>-0.001583</td>\n",
              "      <td>0.001764</td>\n",
              "      <td>-0.000180</td>\n",
              "      <td>-0.002651</td>\n",
              "      <td>0.000488</td>\n",
              "      <td>1.000000</td>\n",
              "      <td>0.001883</td>\n",
              "      <td>0.000238</td>\n",
              "      <td>-0.000817</td>\n",
              "      <td>-0.000466</td>\n",
              "      <td>-0.004263</td>\n",
              "      <td>0.008429</td>\n",
              "    </tr>\n",
              "    <tr>\n",
              "      <th>Electric</th>\n",
              "      <td>-0.000128</td>\n",
              "      <td>0.000779</td>\n",
              "      <td>0.001342</td>\n",
              "      <td>0.001047</td>\n",
              "      <td>0.000558</td>\n",
              "      <td>-0.000549</td>\n",
              "      <td>-0.000010</td>\n",
              "      <td>0.000082</td>\n",
              "      <td>0.000788</td>\n",
              "      <td>0.001883</td>\n",
              "      <td>1.000000</td>\n",
              "      <td>-0.000309</td>\n",
              "      <td>0.001088</td>\n",
              "      <td>0.000571</td>\n",
              "      <td>0.000772</td>\n",
              "      <td>0.052443</td>\n",
              "    </tr>\n",
              "    <tr>\n",
              "      <th>Fiber</th>\n",
              "      <td>0.000114</td>\n",
              "      <td>-0.000562</td>\n",
              "      <td>0.001818</td>\n",
              "      <td>-0.000687</td>\n",
              "      <td>-0.000576</td>\n",
              "      <td>0.000073</td>\n",
              "      <td>0.000503</td>\n",
              "      <td>0.001373</td>\n",
              "      <td>-0.002716</td>\n",
              "      <td>0.000238</td>\n",
              "      <td>-0.000309</td>\n",
              "      <td>1.000000</td>\n",
              "      <td>-0.002268</td>\n",
              "      <td>0.004127</td>\n",
              "      <td>-0.000023</td>\n",
              "      <td>0.484626</td>\n",
              "    </tr>\n",
              "    <tr>\n",
              "      <th>Glass Doors</th>\n",
              "      <td>-0.001230</td>\n",
              "      <td>-0.002171</td>\n",
              "      <td>-0.000366</td>\n",
              "      <td>-0.001668</td>\n",
              "      <td>-0.000402</td>\n",
              "      <td>0.000086</td>\n",
              "      <td>0.000316</td>\n",
              "      <td>-0.000008</td>\n",
              "      <td>0.000770</td>\n",
              "      <td>-0.000817</td>\n",
              "      <td>0.001088</td>\n",
              "      <td>-0.002268</td>\n",
              "      <td>1.000000</td>\n",
              "      <td>0.000396</td>\n",
              "      <td>0.003329</td>\n",
              "      <td>0.181973</td>\n",
              "    </tr>\n",
              "    <tr>\n",
              "      <th>Swiming Pool</th>\n",
              "      <td>0.000610</td>\n",
              "      <td>0.001088</td>\n",
              "      <td>0.001295</td>\n",
              "      <td>0.002212</td>\n",
              "      <td>-0.001898</td>\n",
              "      <td>0.000713</td>\n",
              "      <td>0.001184</td>\n",
              "      <td>-0.000211</td>\n",
              "      <td>0.000322</td>\n",
              "      <td>-0.000466</td>\n",
              "      <td>0.000571</td>\n",
              "      <td>0.004127</td>\n",
              "      <td>0.000396</td>\n",
              "      <td>1.000000</td>\n",
              "      <td>-0.000191</td>\n",
              "      <td>0.001787</td>\n",
              "    </tr>\n",
              "    <tr>\n",
              "      <th>Garden</th>\n",
              "      <td>0.001428</td>\n",
              "      <td>-0.000669</td>\n",
              "      <td>0.000231</td>\n",
              "      <td>0.001723</td>\n",
              "      <td>0.000959</td>\n",
              "      <td>0.000133</td>\n",
              "      <td>-0.001091</td>\n",
              "      <td>-0.000492</td>\n",
              "      <td>0.001207</td>\n",
              "      <td>-0.004263</td>\n",
              "      <td>0.000772</td>\n",
              "      <td>-0.000023</td>\n",
              "      <td>0.003329</td>\n",
              "      <td>-0.000191</td>\n",
              "      <td>1.000000</td>\n",
              "      <td>0.001540</td>\n",
              "    </tr>\n",
              "    <tr>\n",
              "      <th>Prices</th>\n",
              "      <td>0.147717</td>\n",
              "      <td>0.100294</td>\n",
              "      <td>0.089139</td>\n",
              "      <td>0.145087</td>\n",
              "      <td>0.448154</td>\n",
              "      <td>-0.078049</td>\n",
              "      <td>-0.369756</td>\n",
              "      <td>0.619451</td>\n",
              "      <td>0.233259</td>\n",
              "      <td>0.008429</td>\n",
              "      <td>0.052443</td>\n",
              "      <td>0.484626</td>\n",
              "      <td>0.181973</td>\n",
              "      <td>0.001787</td>\n",
              "      <td>0.001540</td>\n",
              "      <td>1.000000</td>\n",
              "    </tr>\n",
              "  </tbody>\n",
              "</table>\n",
              "</div>\n",
              "    <div class=\"colab-df-buttons\">\n",
              "\n",
              "  <div class=\"colab-df-container\">\n",
              "    <button class=\"colab-df-convert\" onclick=\"convertToInteractive('df-e1b26e97-c97c-4a18-99bd-c3445bb00e03')\"\n",
              "            title=\"Convert this dataframe to an interactive table.\"\n",
              "            style=\"display:none;\">\n",
              "\n",
              "  <svg xmlns=\"http://www.w3.org/2000/svg\" height=\"24px\" viewBox=\"0 -960 960 960\">\n",
              "    <path d=\"M120-120v-720h720v720H120Zm60-500h600v-160H180v160Zm220 220h160v-160H400v160Zm0 220h160v-160H400v160ZM180-400h160v-160H180v160Zm440 0h160v-160H620v160ZM180-180h160v-160H180v160Zm440 0h160v-160H620v160Z\"/>\n",
              "  </svg>\n",
              "    </button>\n",
              "\n",
              "  <style>\n",
              "    .colab-df-container {\n",
              "      display:flex;\n",
              "      gap: 12px;\n",
              "    }\n",
              "\n",
              "    .colab-df-convert {\n",
              "      background-color: #E8F0FE;\n",
              "      border: none;\n",
              "      border-radius: 50%;\n",
              "      cursor: pointer;\n",
              "      display: none;\n",
              "      fill: #1967D2;\n",
              "      height: 32px;\n",
              "      padding: 0 0 0 0;\n",
              "      width: 32px;\n",
              "    }\n",
              "\n",
              "    .colab-df-convert:hover {\n",
              "      background-color: #E2EBFA;\n",
              "      box-shadow: 0px 1px 2px rgba(60, 64, 67, 0.3), 0px 1px 3px 1px rgba(60, 64, 67, 0.15);\n",
              "      fill: #174EA6;\n",
              "    }\n",
              "\n",
              "    .colab-df-buttons div {\n",
              "      margin-bottom: 4px;\n",
              "    }\n",
              "\n",
              "    [theme=dark] .colab-df-convert {\n",
              "      background-color: #3B4455;\n",
              "      fill: #D2E3FC;\n",
              "    }\n",
              "\n",
              "    [theme=dark] .colab-df-convert:hover {\n",
              "      background-color: #434B5C;\n",
              "      box-shadow: 0px 1px 3px 1px rgba(0, 0, 0, 0.15);\n",
              "      filter: drop-shadow(0px 1px 2px rgba(0, 0, 0, 0.3));\n",
              "      fill: #FFFFFF;\n",
              "    }\n",
              "  </style>\n",
              "\n",
              "    <script>\n",
              "      const buttonEl =\n",
              "        document.querySelector('#df-e1b26e97-c97c-4a18-99bd-c3445bb00e03 button.colab-df-convert');\n",
              "      buttonEl.style.display =\n",
              "        google.colab.kernel.accessAllowed ? 'block' : 'none';\n",
              "\n",
              "      async function convertToInteractive(key) {\n",
              "        const element = document.querySelector('#df-e1b26e97-c97c-4a18-99bd-c3445bb00e03');\n",
              "        const dataTable =\n",
              "          await google.colab.kernel.invokeFunction('convertToInteractive',\n",
              "                                                    [key], {});\n",
              "        if (!dataTable) return;\n",
              "\n",
              "        const docLinkHtml = 'Like what you see? Visit the ' +\n",
              "          '<a target=\"_blank\" href=https://colab.research.google.com/notebooks/data_table.ipynb>data table notebook</a>'\n",
              "          + ' to learn more about interactive tables.';\n",
              "        element.innerHTML = '';\n",
              "        dataTable['output_type'] = 'display_data';\n",
              "        await google.colab.output.renderOutput(dataTable, element);\n",
              "        const docLink = document.createElement('div');\n",
              "        docLink.innerHTML = docLinkHtml;\n",
              "        element.appendChild(docLink);\n",
              "      }\n",
              "    </script>\n",
              "  </div>\n",
              "\n",
              "\n",
              "<div id=\"df-0545c8c9-d33a-464b-be91-a3acd8c18d55\">\n",
              "  <button class=\"colab-df-quickchart\" onclick=\"quickchart('df-0545c8c9-d33a-464b-be91-a3acd8c18d55')\"\n",
              "            title=\"Suggest charts.\"\n",
              "            style=\"display:none;\">\n",
              "\n",
              "<svg xmlns=\"http://www.w3.org/2000/svg\" height=\"24px\"viewBox=\"0 0 24 24\"\n",
              "     width=\"24px\">\n",
              "    <g>\n",
              "        <path d=\"M19 3H5c-1.1 0-2 .9-2 2v14c0 1.1.9 2 2 2h14c1.1 0 2-.9 2-2V5c0-1.1-.9-2-2-2zM9 17H7v-7h2v7zm4 0h-2V7h2v10zm4 0h-2v-4h2v4z\"/>\n",
              "    </g>\n",
              "</svg>\n",
              "  </button>\n",
              "\n",
              "<style>\n",
              "  .colab-df-quickchart {\n",
              "      --bg-color: #E8F0FE;\n",
              "      --fill-color: #1967D2;\n",
              "      --hover-bg-color: #E2EBFA;\n",
              "      --hover-fill-color: #174EA6;\n",
              "      --disabled-fill-color: #AAA;\n",
              "      --disabled-bg-color: #DDD;\n",
              "  }\n",
              "\n",
              "  [theme=dark] .colab-df-quickchart {\n",
              "      --bg-color: #3B4455;\n",
              "      --fill-color: #D2E3FC;\n",
              "      --hover-bg-color: #434B5C;\n",
              "      --hover-fill-color: #FFFFFF;\n",
              "      --disabled-bg-color: #3B4455;\n",
              "      --disabled-fill-color: #666;\n",
              "  }\n",
              "\n",
              "  .colab-df-quickchart {\n",
              "    background-color: var(--bg-color);\n",
              "    border: none;\n",
              "    border-radius: 50%;\n",
              "    cursor: pointer;\n",
              "    display: none;\n",
              "    fill: var(--fill-color);\n",
              "    height: 32px;\n",
              "    padding: 0;\n",
              "    width: 32px;\n",
              "  }\n",
              "\n",
              "  .colab-df-quickchart:hover {\n",
              "    background-color: var(--hover-bg-color);\n",
              "    box-shadow: 0 1px 2px rgba(60, 64, 67, 0.3), 0 1px 3px 1px rgba(60, 64, 67, 0.15);\n",
              "    fill: var(--button-hover-fill-color);\n",
              "  }\n",
              "\n",
              "  .colab-df-quickchart-complete:disabled,\n",
              "  .colab-df-quickchart-complete:disabled:hover {\n",
              "    background-color: var(--disabled-bg-color);\n",
              "    fill: var(--disabled-fill-color);\n",
              "    box-shadow: none;\n",
              "  }\n",
              "\n",
              "  .colab-df-spinner {\n",
              "    border: 2px solid var(--fill-color);\n",
              "    border-color: transparent;\n",
              "    border-bottom-color: var(--fill-color);\n",
              "    animation:\n",
              "      spin 1s steps(1) infinite;\n",
              "  }\n",
              "\n",
              "  @keyframes spin {\n",
              "    0% {\n",
              "      border-color: transparent;\n",
              "      border-bottom-color: var(--fill-color);\n",
              "      border-left-color: var(--fill-color);\n",
              "    }\n",
              "    20% {\n",
              "      border-color: transparent;\n",
              "      border-left-color: var(--fill-color);\n",
              "      border-top-color: var(--fill-color);\n",
              "    }\n",
              "    30% {\n",
              "      border-color: transparent;\n",
              "      border-left-color: var(--fill-color);\n",
              "      border-top-color: var(--fill-color);\n",
              "      border-right-color: var(--fill-color);\n",
              "    }\n",
              "    40% {\n",
              "      border-color: transparent;\n",
              "      border-right-color: var(--fill-color);\n",
              "      border-top-color: var(--fill-color);\n",
              "    }\n",
              "    60% {\n",
              "      border-color: transparent;\n",
              "      border-right-color: var(--fill-color);\n",
              "    }\n",
              "    80% {\n",
              "      border-color: transparent;\n",
              "      border-right-color: var(--fill-color);\n",
              "      border-bottom-color: var(--fill-color);\n",
              "    }\n",
              "    90% {\n",
              "      border-color: transparent;\n",
              "      border-bottom-color: var(--fill-color);\n",
              "    }\n",
              "  }\n",
              "</style>\n",
              "\n",
              "  <script>\n",
              "    async function quickchart(key) {\n",
              "      const quickchartButtonEl =\n",
              "        document.querySelector('#' + key + ' button');\n",
              "      quickchartButtonEl.disabled = true;  // To prevent multiple clicks.\n",
              "      quickchartButtonEl.classList.add('colab-df-spinner');\n",
              "      try {\n",
              "        const charts = await google.colab.kernel.invokeFunction(\n",
              "            'suggestCharts', [key], {});\n",
              "      } catch (error) {\n",
              "        console.error('Error during call to suggestCharts:', error);\n",
              "      }\n",
              "      quickchartButtonEl.classList.remove('colab-df-spinner');\n",
              "      quickchartButtonEl.classList.add('colab-df-quickchart-complete');\n",
              "    }\n",
              "    (() => {\n",
              "      let quickchartButtonEl =\n",
              "        document.querySelector('#df-0545c8c9-d33a-464b-be91-a3acd8c18d55 button');\n",
              "      quickchartButtonEl.style.display =\n",
              "        google.colab.kernel.accessAllowed ? 'block' : 'none';\n",
              "    })();\n",
              "  </script>\n",
              "</div>\n",
              "    </div>\n",
              "  </div>\n"
            ]
          },
          "metadata": {},
          "execution_count": 5
        }
      ]
    },
    {
      "cell_type": "code",
      "source": [
        "d = sns.heatmap(df.corr().round(4), annot=True)\n",
        "d.figure.set_size_inches(15,7)"
      ],
      "metadata": {
        "colab": {
          "base_uri": "https://localhost:8080/",
          "height": 673
        },
        "id": "j01JtJuuyp-9",
        "outputId": "54fa67e2-b440-416c-81e1-5479670d9bae"
      },
      "execution_count": null,
      "outputs": [
        {
          "output_type": "display_data",
          "data": {
            "text/plain": [
              "<Figure size 1500x700 with 2 Axes>"
            ],
